726.84
791.01
304.88
160.78
358.41
153.11
635.24
316.81
42.01
84.68
583.28
778.07
172.92
123.73
285.38
763.07
424.87
640.79
270.45
656.02
346.18
754.30
364.80
679.91
582.56
535.25
646.26
570.41
861.34
732.98
379.41
315.88
441.17
497.79
386.68
178.46
23.55
446.74
232.74
39.15
637.81
274.53
305.46
198.22
634.46
527.57
527.08
637.03
641.61
119.45
629.00
885.60
618.79
394.37
98.19
127.43
803.17
97.61
777.46
506.03
944.02
980.25
586.43
128.46
437.83
419.30
979.96
349.25
422.92
648.19
573.14
201.18
423.05
482.10
531.23
327.07
188.34
756.79
883.00
829.94
110.92
266.78
649.56
151.15
109.10
761.19
742.81
933.72
508.43
116.72
443.22
625.76
568.60
636.24
272.88
295.73
464.72
400.53
596.25
577.03
94.81
26.53
898.74
958.60
6.55
975.30
376.79
869.73
147.74
132.60
658.27
133.99
324.77
757.86
354.40
948.41
741.72
135.44
475.13
107.92
504.70
553.05
892.56
463.14
491.13
861.16
222.28
703.48
892.46
179.78
33.92
166.58
987.94
764.30
60.27
8.13
166.10
411.61
295.44
182.67
858.67
604.02
96.59
538.97
562.95
76.87
364.19
239.70
556.74
341.60
253.92
513.39
436.72
309.17
975.89
587.44
221.55
339.87
239.67
371.11
953.09
537.65
726.01
277.77
364.32
992.44
758.08
98.18
343.81
277.21
19.78
516.58
267.19
610.09
641.97
187.05
224.16
378.33
379.61
552.96
580.07
187.45
490.49
155.88
839.15
572.28
489.86
980.87
166.73
351.50
920.29
617.93
674.80
963.07
415.63
663.31
621.18
972.14
91.37
867.98
52.68
87.38
727.85
18.59
869.77
702.88
814.36
575.11
523.15
332.71
103.82
357.24
451.52
836.25
337.38
160.40
867.71
895.33
78.10
769.41
958.66
186.63
21.83
896.55
649.48
664.15
277.44
882.40
216.89
853.12
852.16
339.66
300.03
335.69
297.16
847.63
844.88
83.67
620.79
410.33
831.37
647.92
355.33
828.19
370.61
986.27
749.69
595.89
241.38
494.04
387.97
17.29
507.85
548.22
610.22
700.52
529.14
878.00
158.87
588.15
533.92
623.82
236.48
746.64
92.24
794.98
219.46
293.33
107.52
785.55
626.52
283.99
558.92
912.77
598.96
904.28
474.74
930.60
188.66
16.95
878.30
870.10
256.51
251.66
849.63
146.80
439.06
525.50
520.49
556.81
704.75
816.57
466.89
89.51
124.98
741.79
502.29
723.64
142.90
327.54
983.17
974.39
88.93
114.02
443.94
185.37
713.12
215.74
616.33
652.89
492.64
334.94
798.65
292.72
449.78
286.35
181.71
789.31
450.73
126.95
69.47
906.38
734.59
995.96
782.71
814.63
887.42
366.96
836.69
911.65
574.41
645.21
728.08
320.35
104.17
15.66
151.72
217.76
215.21
127.74
879.57
544.58
88.12
452.98
390.41
784.14
136.90
346.92
167.37
283.67
426.25
931.90
514.32
629.59
549.12
777.10
368.81
160.21
598.01
458.19
787.58
318.04
336.22
395.93
605.97
325.79
820.39
906.22
387.66
45.03
285.32
315.70
88.65
867.89
239.78
940.61
561.91
443.30
954.82
662.00
316.85
127.89
611.34
387.96
804.87
648.38
467.18
704.42
248.43
576.71
162.95
375.37
484.42
917.23
691.05
683.88
380.78
96.17
272.65
419.34
474.97
312.60
331.28
284.17
138.18
237.05
884.92
362.19
605.90
919.92
443.85
776.03
931.02
79.56
396.45
487.01
643.95
518.09
213.86
112.45
684.82
15.11
133.72
795.59
937.84
987.06
916.98
983.28
311.12
238.57
687.64
641.05
142.91
948.80
927.92
923.16
376.99
119.34
15.94
259.46
93.83
889.46
921.39
319.92
871.52
635.59
105.61
282.15
687.71
554.40
748.02
307.01
396.57
307.14
504.54
859.44
41.88
549.31
558.37
350.63
819.11
512.55
445.62
591.93
574.13
416.74
79.63
941.08
908.86
253.38
458.80
667.94
254.90
17.00
300.41
56.39
473.19
908.87
798.35
725.80
490.55
163.98
469.54
490.01
784.57
703.48
91.96
691.63
137.50
929.43
273.82
283.75
683.61
902.99
923.20
890.00
638.12
723.89
795.03
5.36
738.77
452.66
91.85
13.47
911.64
86.79
591.53
851.36
231.35
4.76
414.64
590.39
799.66
757.80
523.95
730.56
499.42
400.84
208.71
316.26
370.61
509.14
218.00
14.29
804.70
205.89
11.32
902.07
887.45
938.61
863.38
44.01
232.47
325.44
579.69
144.44
976.91
47.75
961.33
549.03
780.55
906.63
217.29
546.75
328.54
626.19
733.97
709.80
644.13
258.41
592.33
676.65
143.79
140.00
697.57
433.35
542.34
198.17
631.88
224.61
679.06
314.25
755.77
380.79
391.75
27.72
421.27
868.76
627.40
129.34
877.02
470.28
91.66
209.73
389.06
546.29
334.54
818.32
999.93
496.19
765.11
576.39
776.74
53.32
266.35
563.18
504.33
233.62
878.22
178.33
589.89
27.90
159.56
877.96
156.00
339.54
181.44
106.46
5.58
345.45
706.88
678.42
395.12
92.89
817.37
910.08
735.83
288.25
812.19
2.02
593.21
752.98
156.69
52.05
949.38
193.94
540.51
767.83
301.05
915.60
868.99
311.19
505.45
889.84
65.34
487.41
769.76
154.87
41.55
300.66
523.12
257.26
981.72
255.25
211.70
294.43
850.99
932.75
70.75
394.02
548.04
530.05
248.56
69.80
871.69
256.13
248.28
460.74
600.08
621.97
959.09
943.29
419.47
363.61
2.66
338.54
606.70
115.17
261.27
594.13
510.19
515.63
253.06
226.68
535.41
531.92
921.28
288.91
586.54
700.15
916.84
438.37
324.89
144.59
305.27
271.38
192.77
584.81
224.67
251.03
603.28
177.94
830.97
52.44
85.58
280.60
526.21
75.09
273.90
47.04
582.63
974.13
405.57
888.98
750.55
173.56
544.97
882.30
845.43
596.59
167.38
916.11
823.01
444.17
872.33
55.79
681.67
551.53
331.10
741.14
585.76
549.43
625.56
579.87
635.72
123.51
764.63
581.18
859.45
877.78
513.59
404.49
85.30
896.67
273.81
431.36
918.50
608.31
84.98
72.21
240.51
721.19
791.70
326.02
635.84
637.07
516.36
221.44
130.04
679.02
244.57
369.97
361.36
399.27
183.58
695.24
682.11
435.19
289.41
687.32
236.35
706.83
322.29
975.42
173.41
869.44
861.93
142.98
430.95
818.85
199.90
25.45
905.14
425.36
70.50
887.24
892.12
561.34
496.84
44.86
617.80
646.55
486.09
849.58
88.88
77.88
587.17
481.67
66.13
59.01
233.20
667.07
955.50
702.85
716.31
468.58
166.06
982.10
266.20
163.89
833.08
896.70
617.19
498.04
688.44
622.74
61.81
305.37
287.71
615.42
786.25
856.43
199.64
372.25
74.78
558.69
317.75
642.99
428.31
76.11
529.78
586.45
997.55
679.40
169.20
368.54
55.23
399.79
207.26
985.09
309.56
144.32
616.88
35.00
435.27
411.79
74.07
64.16
450.61
849.33
12.83
815.92
97.01
33.41
122.88
297.16
624.83
425.35
71.33
576.79
168.32
378.06
119.60
261.06
433.34
12.54
721.69
749.05
436.35
891.43
382.85
624.34
222.54
953.90
621.46
454.60
935.65
175.57
655.14
969.76
391.84
651.23
310.89
966.54
143.97
760.91
123.02
776.46
361.84
166.56
55.92
628.08
270.68
41.13
824.92
382.82
622.45
573.24
378.77
697.26
725.35
231.27
64.84
856.03
382.70
767.42
304.29
342.93
202.15
89.43
852.95
335.24
141.93
623.07
604.42
141.71
778.43
477.84
73.33
593.40
571.56
498.65
755.66
934.32
684.13
181.79
141.00
655.28
574.93
598.17
159.57
46.72
290.06
993.56
552.72
45.93
468.13
238.41
456.94
813.24
803.16
848.74
520.16
768.32
529.01
280.31
289.05
459.06
424.78
969.81
629.36
516.54
690.81
566.38
562.71
843.18
482.11
680.32
455.01
873.68
829.19
286.91
318.08
11.47
700.82
886.71
698.35
607.88
104.34
100.99
270.77
458.30
196.20
681.46
796.37
181.13
777.06
295.74
792.83
390.63
428.82
508.10
964.46
776.78
549.19
747.48
239.76
736.06
851.47
681.05
462.13
125.37
652.79
30.00
253.73
507.77
331.56
547.49
1.93
638.38
562.51
227.04
750.20
420.93
833.78
512.19
487.27
224.56
138.79
946.70
560.63
425.96
459.83
894.03
147.43
500.99
256.82
955.83
903.89
530.11
DATO_INVALIDO
error_99
